1211401
1211402
1211403
1211404
1211405
1211406
1211407
1211408
1221401
1221402
1241401
1241402
1251401
1251402
1271401
1281401
1281402
1281403
1291401
12011501
12011502
12011503
12011504
12011505
12011506
12011507
12021501
12021502
12041501
12041502
12051501
12051502
12051503
12071501
12081501
12081502
12081503
12081504
12121505
12901501
12011601
12011602
12011603
12011604
12011605
12011606
12011607
12021601
12021602
12021603
12041601
12041602
12051601
12051602
12071601
12071602
12081601
12081602
12081603
12901601
12011701
12011702
12011703
12011704
12011705
12011706
12011707
12021701
12021702
12021703
12081701
12081702
12081703
12111701
12111702
12111703
12111704
12111705
12111706
12901701
01031401
01031402
02031401
02031402
02031403
02041401
02041402
02051401
02051402
02051403
01031501
02031501
02031502
02031503
02041501
02041502
02051501
02051502
02051503
02111503
02111601
02111602
02111603
02111604
02111605
02111606
02111607
02111608
02111609
02111610
02111701
02111702
02111703
02111704
02111705
02111706
02111707
02111708
02111709
02901701
02021401
02021402
02021403
1601404
16021401
16021402
16021403
1691401
01031502
02021501
02021502
02021503
16021501
16021502
16111502
16111505
16201501
16111601
16111602
16111603
16111604
16111605
16111606
16201601
16111701
16111702
16111703
16111704
16111705
16111706
16201701
ZJ1402
ZM1401
ZM1402
ZM1403
ZM1404
ZM1501
ZM1502
ZM1503
ZM1504
ZJ1601
ZJ1602
ZM1601
ZM1602
ZM1603
ZM1604
ZR1601
ZR1602
ZR1603
ZR1604
ZM1701
ZM1702
ZM1703
ZM1704
ZR1701
ZR1702
ZR1703
ZR1704
04011401
04011402
04011403
04011404
04011405
0401401
04031401
04031402
04041401
04041402
04041403
04041404
04051401
04051402
04051403
04071401
04071402
0491401
0491402
04011501
04011502
04011503
04011504
04011505
04011506
04011507
04011508
04031501
04031502
04041501
04041502
04041503
04041504
04051501
04051502
04051503
04071501
04071502
04121507
04911501
04921501
04011601
04011602
04011603
04011604
04011605
04011606
04011607
04031601
04031602
04041601
04041602
04041603
04041604
04051601
04051602
04051603
04071601
04071602
04911601
04921601
04121701
04121702
04121703
04121704
04121705
04121706
04121707
04121708
04121709
04121710
04121711
04121712
04121713
04121714
04911701
04911702
05111703
03021401
03021402
03041401
03041402
03051401
03051402
0311401
0311402
03131401
03131402
0331401
0331402
0331403
0331404
0361401
0381401
0381402
0381403
0391401
0391402
03011501
03011502
03011503
03021501
03021502
03031501
03031502
03041501
03041502
03051501
03061501
03061502
03081501
03081502
03121505
03131501
03131502
03011601
03011602
03011603
03021601
03021602
03031601
03031602
03041601
03041602
03051601
03061601
03061602
03081601
03081602
03131601
03131602
03011701
03011702
03011703
03031701
03031702
03081701
03081702
03121701
03121702
03121703
03121704
03121705
03121706
11011401
11021401
11021402
11031401
11031402
1191401
11011501
11021501
11021502
11031501
11031502
11121501
11911501
11021601
11021602
11021603
11031601
11031602
11921601
11011701
11121701
11121702
11121703
11121704
11121705
11921701
1301401
1301402
1301403
1301404
1301405
1301406
1301407
1301408
1301409
1301410
1301411
1301412
1301414
1301415
1301416
1391401
13061501
13061502
13061503
13061504
13111501
13111502
13111503
13111504
13111505
13111506
13111507
13111508
13111509
13111510
13901501
13901502
13001601
13001602
13001603
13001604
13001605
13001606
13001607
13001608
13001609
13061601
13061602
13061603
13061604
13071601
13901601
13901602
13001701
13001702
13001703
13001704
13001705
13001706
13001707
13001708
13001709
13001710
13061701
13061702
13061703
13061704
13071701
13901701
13901702
0601403
06021401
06041401
06051401
06051402
0611401
0611402
0611403
06011501
06011502
06011503
06051501
06051502
06051503
06011601
06011602
06011603
06051601
06051602
06051603
06011701
06011702
06011703
06051701
06051702
06051703
0901401
0901402
0911301
09011501
09011502
09011601
09011602
09011701
09011702
01011401
01011402
01011403
01011404
01011405
01011406
0101405
01021401
01021402
01021403
01021404
01021405
01041401
01041402
01041403
01051401
0191401
0191402
0191403
GJ011401
01011501
01011502
01011503
01011504
01011505
01021501
01021502
01021503
01021504
01021505
01041501
01041502
01041503
01051501
01051502
01061501
01061502
01901501
0191501
GJ011501
IT011501
01011601
01011602
01011603
01011604
01011605
01011606
01021601
01021602
01021603
01021604
01021605
01021605 
01041601
01041602
01041603
01051601
01061601
01061602
01141601
01901601
01911601
01051701
01051702
01061701
01061702
01141701
01141702
01141703
01141704
01141705
01141706
01141707
01141708
01141709
01141710
01141711
01141712
01141713
01141714
01141715
01901701
01911701
05011401
05021401
05011501
05021501
05111601
05111602
05111603
05111701
05111702
0711401
0711402
0721401
07011501
07011502
07021501
07011601
07011602
07021601
04041701
04041702
04041703
04921701
07111701
07111702
07111703
0841401
0841402
14011501
14011502
14011503
14011504
14011505
14111601
14111602
14111603
14111604
14111605
14111606
14111607
14111608
14111701
14111702
14111703
14111704
14111705
14111706
14111707
14111708
03941601
03061701
03061702
03131701
03131702
03131703
03131704
08011401
08011402
0801412
08021401
08021402
08031401
08031402
08031403
08031404
08031405
08051401
08051402
08051403
08051404
08061401
08061402
0891401
0891402
08011501
08011502
08011503
08021501
08021502
08031501
08031502
08031503
08031504
08051501
08051502
08051503
08051504
08061501
08061502
08121511
08901501
08901502
08011601
08011602
08011603
08021601
08021602
08031601
08031602
08031603
08031604
08031605
08051601
08051602
08051603
08051604
08061601
08061602
08121603
08121604
08121606
08121608
08121613
08901601
08901602
08011701
08011702
08011703
08011704
08021701
08021702
08031701
08031702
08031703
08031704
08051701
08051702
08051703
08051704
08061701
08061702
08901701
08901702